1.690000000000000000e+02 2.210000000000000000e+02 1.750000000000000000e+02 1.260000000000000000e+02
1.710000000000000000e+02 4.180000000000000000e+02 1.770000000000000000e+02 1.350000000000000000e+02
2.120000000000000000e+02 1.190000000000000000e+02 2.120000000000000000e+02 4.460000000000000000e+02
2.120000000000000000e+02 1.190000000000000000e+02 2.120000000000000000e+02 4.460000000000000000e+02
2.150000000000000000e+02 1.990000000000000000e+02 2.150000000000000000e+02 1.340000000000000000e+02
2.160000000000000000e+02 2.570000000000000000e+02 2.160000000000000000e+02 1.770000000000000000e+02
2.230000000000000000e+02 4.290000000000000000e+02 2.230000000000000000e+02 3.700000000000000000e+02
2.780000000000000000e+02 2.540000000000000000e+02 2.780000000000000000e+02 3.920000000000000000e+02
2.820000000000000000e+02 2.530000000000000000e+02 2.820000000000000000e+02 3.440000000000000000e+02
2.830000000000000000e+02 2.300000000000000000e+02 2.830000000000000000e+02 3.360000000000000000e+02
2.830000000000000000e+02 2.740000000000000000e+02 2.830000000000000000e+02 3.260000000000000000e+02
2.830000000000000000e+02 2.740000000000000000e+02 2.830000000000000000e+02 3.260000000000000000e+02
2.850000000000000000e+02 2.220000000000000000e+02 2.840000000000000000e+02 1.630000000000000000e+02
2.910000000000000000e+02 3.030000000000000000e+02 2.910000000000000000e+02 2.190000000000000000e+02
3.240000000000000000e+02 4.540000000000000000e+02 3.280000000000000000e+02 1.870000000000000000e+02
3.430000000000000000e+02 4.220000000000000000e+02 3.520000000000000000e+02 3.050000000000000000e+02
3.430000000000000000e+02 4.220000000000000000e+02 3.520000000000000000e+02 3.050000000000000000e+02
