1.818000000000000000e+03 1.074000000000000000e+03 1.840000000000000000e+03 1.019000000000000000e+03
1.947000000000000000e+03 1.340000000000000000e+03 1.981000000000000000e+03 1.273000000000000000e+03
1.956000000000000000e+03 1.317000000000000000e+03 1.989000000000000000e+03 1.250000000000000000e+03
1.923000000000000000e+03 1.332000000000000000e+03 1.957000000000000000e+03 1.265000000000000000e+03
1.579000000000000000e+03 1.221000000000000000e+03 1.609000000000000000e+03 1.164000000000000000e+03
1.993000000000000000e+03 1.592000000000000000e+03 2.041000000000000000e+03 1.519000000000000000e+03
1.904000000000000000e+03 1.183000000000000000e+03 1.930000000000000000e+03 1.122000000000000000e+03
1.954000000000000000e+03 1.432000000000000000e+03 1.992000000000000000e+03 1.362000000000000000e+03
1.828000000000000000e+03 1.074000000000000000e+03 1.849000000000000000e+03 1.018000000000000000e+03
1.620000000000000000e+03 1.180000000000000000e+03 1.649000000000000000e+03 1.124000000000000000e+03
1.900000000000000000e+03 1.195000000000000000e+03 1.927000000000000000e+03 1.133000000000000000e+03
1.742000000000000000e+03 1.102000000000000000e+03 1.766000000000000000e+03 1.045000000000000000e+03
1.579000000000000000e+03 1.220000000000000000e+03 1.609000000000000000e+03 1.163000000000000000e+03
1.932000000000000000e+03 1.504000000000000000e+03 1.974000000000000000e+03 1.432000000000000000e+03
1.475000000000000000e+03 1.361000000000000000e+03 1.511000000000000000e+03 1.302000000000000000e+03
1.526000000000000000e+03 1.192000000000000000e+03 1.555000000000000000e+03 1.137000000000000000e+03
1.578000000000000000e+03 1.323000000000000000e+03 1.613000000000000000e+03 1.263000000000000000e+03
1.562000000000000000e+03 1.181000000000000000e+03 1.591000000000000000e+03 1.127000000000000000e+03
1.954000000000000000e+03 1.431000000000000000e+03 1.992000000000000000e+03 1.361000000000000000e+03
1.827000000000000000e+03 1.142000000000000000e+03 1.854000000000000000e+03 1.082000000000000000e+03
1.822000000000000000e+03 1.164000000000000000e+03 1.848000000000000000e+03 1.104000000000000000e+03
1.578000000000000000e+03 1.220000000000000000e+03 1.608000000000000000e+03 1.162000000000000000e+03
1.578000000000000000e+03 1.218000000000000000e+03 1.609000000000000000e+03 1.161000000000000000e+03
1.797000000000000000e+03 1.089000000000000000e+03 1.821000000000000000e+03 1.032000000000000000e+03
1.885000000000000000e+03 1.230000000000000000e+03 1.915000000000000000e+03 1.166000000000000000e+03
1.604000000000000000e+03 1.115000000000000000e+03 1.630000000000000000e+03 1.061000000000000000e+03
1.792000000000000000e+03 1.234000000000000000e+03 1.823000000000000000e+03 1.172000000000000000e+03
1.904000000000000000e+03 1.185000000000000000e+03 1.930000000000000000e+03 1.123000000000000000e+03
1.832000000000000000e+03 7.900000000000000000e+02 1.840000000000000000e+03 7.500000000000000000e+02
2.038000000000000000e+03 1.850000000000000000e+03 2.101000000000000000e+03 1.775000000000000000e+03
1.563000000000000000e+03 1.120000000000000000e+03 1.590000000000000000e+03 1.068000000000000000e+03
1.960000000000000000e+03 1.617000000000000000e+03 2.007000000000000000e+03 1.543000000000000000e+03
1.834000000000000000e+03 8.960000000000000000e+02 1.848000000000000000e+03 8.480000000000000000e+02
1.553000000000000000e+03 1.097000000000000000e+03 1.580000000000000000e+03 1.048000000000000000e+03
1.692000000000000000e+03 1.336000000000000000e+03 1.727000000000000000e+03 1.272000000000000000e+03
1.553000000000000000e+03 1.096000000000000000e+03 1.580000000000000000e+03 1.045000000000000000e+03
1.421000000000000000e+03 1.368000000000000000e+03 1.457000000000000000e+03 1.311000000000000000e+03
1.944000000000000000e+03 2.060000000000000000e+03 2.016000000000000000e+03 1.986000000000000000e+03
1.642000000000000000e+03 1.344000000000000000e+03 1.678000000000000000e+03 1.278000000000000000e+03
