1.580000000000000000e+02 1.550000000000000000e+02 1.540000000000000000e+02 1.550000000000000000e+02
1.640000000000000000e+02 1.550000000000000000e+02 1.540000000000000000e+02 1.550000000000000000e+02
1.670000000000000000e+02 1.500000000000000000e+02 1.580000000000000000e+02 1.500000000000000000e+02
1.820000000000000000e+02 1.500000000000000000e+02 1.680000000000000000e+02 1.500000000000000000e+02
1.860000000000000000e+02 1.590000000000000000e+02 1.740000000000000000e+02 1.590000000000000000e+02
2.040000000000000000e+02 1.230000000000000000e+02 1.690000000000000000e+02 1.230000000000000000e+02
2.120000000000000000e+02 1.190000000000000000e+02 1.760000000000000000e+02 1.190000000000000000e+02
2.120000000000000000e+02 1.190000000000000000e+02 1.760000000000000000e+02 1.190000000000000000e+02
2.150000000000000000e+02 1.990000000000000000e+02 1.940000000000000000e+02 1.990000000000000000e+02
2.200000000000000000e+02 1.600000000000000000e+02 1.970000000000000000e+02 1.600000000000000000e+02
2.200000000000000000e+02 2.020000000000000000e+02 1.970000000000000000e+02 2.020000000000000000e+02
2.200000000000000000e+02 1.120000000000000000e+02 1.830000000000000000e+02 1.120000000000000000e+02
2.220000000000000000e+02 2.060000000000000000e+02 2.000000000000000000e+02 2.060000000000000000e+02
2.220000000000000000e+02 2.060000000000000000e+02 2.000000000000000000e+02 2.060000000000000000e+02
2.240000000000000000e+02 2.520000000000000000e+02 2.030000000000000000e+02 2.520000000000000000e+02
2.250000000000000000e+02 2.030000000000000000e+02 2.030000000000000000e+02 2.030000000000000000e+02
2.250000000000000000e+02 2.400000000000000000e+02 2.030000000000000000e+02 2.400000000000000000e+02
2.260000000000000000e+02 3.120000000000000000e+02 2.050000000000000000e+02 3.120000000000000000e+02
2.260000000000000000e+02 1.540000000000000000e+02 2.040000000000000000e+02 1.540000000000000000e+02
2.320000000000000000e+02 1.470000000000000000e+02 2.090000000000000000e+02 1.470000000000000000e+02
2.350000000000000000e+02 1.550000000000000000e+02 2.160000000000000000e+02 1.550000000000000000e+02
2.520000000000000000e+02 1.470000000000000000e+02 2.340000000000000000e+02 1.470000000000000000e+02
2.630000000000000000e+02 1.430000000000000000e+02 2.470000000000000000e+02 1.430000000000000000e+02
2.650000000000000000e+02 1.460000000000000000e+02 2.510000000000000000e+02 1.460000000000000000e+02
2.680000000000000000e+02 1.430000000000000000e+02 2.470000000000000000e+02 1.430000000000000000e+02
2.710000000000000000e+02 3.370000000000000000e+02 2.650000000000000000e+02 3.390000000000000000e+02
2.750000000000000000e+02 1.430000000000000000e+02 2.640000000000000000e+02 1.430000000000000000e+02
2.870000000000000000e+02 2.860000000000000000e+02 2.820000000000000000e+02 2.880000000000000000e+02
2.880000000000000000e+02 3.840000000000000000e+02 2.820000000000000000e+02 3.870000000000000000e+02
2.880000000000000000e+02 3.840000000000000000e+02 2.820000000000000000e+02 3.870000000000000000e+02
2.890000000000000000e+02 3.740000000000000000e+02 2.840000000000000000e+02 3.770000000000000000e+02
2.900000000000000000e+02 2.810000000000000000e+02 2.860000000000000000e+02 2.830000000000000000e+02
3.220000000000000000e+02 1.430000000000000000e+02 3.200000000000000000e+02 1.430000000000000000e+02
3.250000000000000000e+02 2.230000000000000000e+02 3.340000000000000000e+02 2.250000000000000000e+02
3.350000000000000000e+02 3.970000000000000000e+02 3.450000000000000000e+02 4.030000000000000000e+02
3.360000000000000000e+02 3.010000000000000000e+02 3.460000000000000000e+02 3.050000000000000000e+02
3.430000000000000000e+02 3.350000000000000000e+02 3.530000000000000000e+02 3.400000000000000000e+02
3.440000000000000000e+02 2.930000000000000000e+02 3.540000000000000000e+02 2.970000000000000000e+02
3.660000000000000000e+02 4.440000000000000000e+02 3.720000000000000000e+02 4.520000000000000000e+02
