1.220000000000000000e+02 4.430000000000000000e+02 1.290000000000000000e+02 4.270000000000000000e+02
1.400000000000000000e+02 4.110000000000000000e+02 1.460000000000000000e+02 4.960000000000000000e+02
1.510000000000000000e+02 1.650000000000000000e+02 1.550000000000000000e+02 1.140000000000000000e+02
2.160000000000000000e+02 2.570000000000000000e+02 2.170000000000000000e+02 3.900000000000000000e+02
2.170000000000000000e+02 4.210000000000000000e+02 2.170000000000000000e+02 7.800000000000000000e+01
2.170000000000000000e+02 2.670000000000000000e+02 2.180000000000000000e+02 4.090000000000000000e+02
2.240000000000000000e+02 2.520000000000000000e+02 2.240000000000000000e+02 1.940000000000000000e+02
2.820000000000000000e+02 2.630000000000000000e+02 2.820000000000000000e+02 3.870000000000000000e+02
2.820000000000000000e+02 2.630000000000000000e+02 2.820000000000000000e+02 3.870000000000000000e+02
2.830000000000000000e+02 2.740000000000000000e+02 2.830000000000000000e+02 3.260000000000000000e+02
2.830000000000000000e+02 2.740000000000000000e+02 2.830000000000000000e+02 3.260000000000000000e+02
2.840000000000000000e+02 1.790000000000000000e+02 2.830000000000000000e+02 1.530000000000000000e+02
2.890000000000000000e+02 4.160000000000000000e+02 2.900000000000000000e+02 1.630000000000000000e+02
2.890000000000000000e+02 3.740000000000000000e+02 2.900000000000000000e+02 3.790000000000000000e+02
