292.9781799316406 137.27545166015625 210.5800018310547 153.86776733398438 
313.00885009765625 194.8621368408203 209.1888427734375 174.70054626464844 
338.072021484375 299.2022399902344 159.02694702148438 259.4205322265625 
344.96441650390625 357.0297546386719 285.23638916015625 318.3270568847656 
347.3201599121094 358.1558532714844 265.3617248535156 338.5965576171875 
168.87417602539062 360.8712463378906 350.5795593261719 356.74371337890625 
339.5447082519531 368.0682373046875 356.04296875 362.3917236328125 
291.90374755859375 417.16033935546875 188.14500427246094 383.3386535644531 
323.12152099609375 483.953369140625 223.91336059570312 421.7586669921875 
220.3742218017578 112.19496154785156 259.36676025390625 84.29876708984375 
277.9234619140625 146.29913330078125 175.0531768798828 125.62045288085938 
305.4293212890625 183.90367126464844 246.64866638183594 160.0843505859375 
351.58642578125 201.4879608154297 326.4015197753906 196.9733428955078 
265.06103515625 222.35687255859375 154.53009033203125 199.20175170898438 
278.1219177246094 254.20033264160156 164.7645263671875 226.68145751953125 
162.7094268798828 256.678466796875 221.52877807617188 238.2592010498047 
272.1457824707031 258.1867370605469 299.65216064453125 238.29832458496094 
338.59161376953125 271.5334777832031 200.2976837158203 255.69883728027344 
290.4081115722656 281.2699890136719 211.318115234375 262.06085205078125 
341.1514892578125 301.1314392089844 289.4506530761719 281.144287109375 
341.1514892578125 301.1314392089844 198.98233032226562 292.6531677246094 
282.9559020996094 314.6101379394531 166.49380493164062 308.34783935546875 
279.9527587890625 316.3325500488281 292.64715576171875 313.9783935546875 
288.2042541503906 318.80047607421875 192.84210205078125 316.2534484863281 
335.6602478027344 349.83349609375 356.7217102050781 356.4940185546875 
283.9825744628906 366.466064453125 277.9397277832031 369.229248046875 
339.32952880859375 379.4089660644531 273.69775390625 382.45159912109375 
274.3253479003906 382.43841552734375 268.4801025390625 384.5641784667969 
283.51788330078125 383.8446960449219 349.17352294921875 384.8773498535156 
339.1191711425781 386.3770446777344 192.2365264892578 396.15057373046875 
215.7974090576172 398.74334716796875 300.1396484375 408.82183837890625 
285.6611022949219 398.97930908203125 347.2607421875 410.081298828125 
171.019287109375 418.4187316894531 283.2841491699219 452.1184387207031 
171.019287109375 418.4187316894531 259.2059631347656 457.6935729980469 
342.9543151855469 422.42376708984375 391.4400939941406 457.593017578125 
342.9543151855469 422.42376708984375 284.4740905761719 462.2013244628906 
384.84185791015625 448.0186767578125 311.34771728515625 477.03173828125 
253.701171875 503.18829345703125 242.70175170898438 503.9669494628906 
275.025634765625 142.8340301513672 278.9137878417969 146.65113830566406 
243.15284729003906 146.6326904296875 249.9183349609375 149.964111328125 
273.2528076171875 146.7413787841797 244.0778045654297 150.509033203125 
331.4076843261719 151.48143005371094 194.24415588378906 163.13662719726562 
322.78265380859375 154.7255096435547 289.8199462890625 163.01882934570312 
271.9083251953125 163.28378295898438 217.48097229003906 194.02635192871094 
150.7606964111328 164.91876220703125 255.0134735107422 194.26370239257812 
150.53700256347656 170.80653381347656 154.24183654785156 194.97430419921875 
309.1730041503906 181.03587341308594 297.1494445800781 195.96279907226562 
309.1730041503906 181.03587341308594 261.18603515625 196.46739196777344 
283.7908020019531 198.20230102539062 268.6564025878906 224.4859619140625 
281.64886474609375 226.54693603515625 301.7316589355469 235.27316284179688 
342.28363037109375 229.08843994140625 194.15866088867188 236.42535400390625 
163.8761444091797 230.16348266601562 358.9195251464844 237.75564575195312 
163.8761444091797 230.16348266601562 177.2939910888672 238.4515838623047 
163.8761444091797 230.16348266601562 281.99761962890625 238.53060913085938 
217.7991943359375 236.95559692382812 222.0505828857422 241.7223663330078 
288.493896484375 237.27647399902344 272.9915771484375 241.80723571777344 
218.01626586914062 240.9686279296875 180.3119354248047 243.7637939453125 
221.99720764160156 243.25314331054688 355.1273498535156 250.2748260498047 
268.1534423828125 251.7454833984375 355.1273498535156 250.2748260498047 
281.734619140625 252.57595825195312 171.50115966796875 253.17591857910156 
273.8795166015625 252.83340454101562 162.32325744628906 254.9512939453125 
216.27427673339844 256.5056457519531 148.06932067871094 258.9083557128906 
209.3892059326172 257.6844482421875 264.864501953125 261.55615234375 
165.85203552246094 259.4656066894531 160.23416137695312 275.95562744140625 
269.0179748535156 260.4596252441406 219.69053649902344 282.1983642578125 
287.41119384765625 285.979736328125 277.813232421875 296.62420654296875 
343.6675109863281 292.8716735839844 342.277587890625 307.1732177734375 
287.8206787109375 310.17742919921875 267.5360412597656 313.71868896484375 
276.0959167480469 312.22406005859375 277.4611511230469 316.5000915527344 
343.5912170410156 316.5942077636719 220.83412170410156 317.6307678222656 
288.49114990234375 323.8578796386719 295.76751708984375 318.696044921875 
339.0887756347656 332.91314697265625 349.395751953125 337.2563171386719 
342.9822082519531 334.7161560058594 345.99432373046875 340.0446472167969 
335.701171875 335.5682067871094 349.2874755859375 341.3580322265625 
287.8919982910156 342.093505859375 290.968994140625 345.4959716796875 
338.8852844238281 346.05828857421875 286.8201599121094 349.7497863769531 
345.7934875488281 351.0296325683594 273.339111328125 352.014404296875 
279.9608154296875 355.4892272949219 273.6755065917969 357.6061096191406 
228.1095733642578 360.5119934082031 206.97900390625 360.11334228515625 
228.1095733642578 360.5119934082031 290.7438659667969 365.13153076171875 
342.47674560546875 363.8597106933594 362.2088317871094 369.4913330078125 
342.47674560546875 363.8597106933594 223.10964965820312 369.8272399902344 
338.8703308105469 374.4189147949219 367.3565368652344 377.93463134765625 
342.9161682128906 377.430419921875 348.62701416015625 379.7613830566406 
283.9535827636719 389.4981994628906 279.5414123535156 401.6969299316406 
342.41595458984375 389.4177551269531 286.69989013671875 402.57733154296875 
342.41595458984375 389.4177551269531 161.14096069335938 405.09130859375 
212.63351440429688 397.54132080078125 348.8846435546875 405.6886291503906 
212.63351440429688 397.54132080078125 348.8846435546875 405.6886291503906 
279.54461669921875 397.6839294433594 305.1262512207031 406.8595886230469 
238.66465759277344 409.69525146484375 344.3382873535156 413.6480712890625 
373.29656982421875 412.13946533203125 152.88816833496094 417.93988037109375 
364.6591796875 457.98944091796875 307.1680908203125 487.6014709472656 
364.6591796875 457.98944091796875 334.0570068359375 492.8145751953125 
367.6482849121094 472.49017333984375 239.56121826171875 498.2220458984375 
250.55027770996094 503.7162780761719 155.32139587402344 70.91098022460938 
284.6682434082031 142.41859436035156 328.70855712890625 138.02230834960938 
301.3548583984375 154.7135467529297 257.0173645019531 154.62713623046875 
335.2637634277344 156.06651306152344 298.1261901855469 155.19471740722656 
271.6153564453125 158.74684143066406 183.84767150878906 157.6853790283203 
305.20513916015625 158.65150451660156 174.05836486816406 158.55686950683594 
150.4241943359375 170.66033935546875 186.4901123046875 162.3434600830078 
309.10748291015625 171.483642578125 235.52548217773438 163.48374938964844 
276.37652587890625 174.40562438964844 235.52548217773438 163.48374938964844 
219.90774536132812 202.14649963378906 324.91534423828125 192.41761779785156 
285.0767517089844 222.3480682373047 214.40643310546875 197.9411163330078 
281.9075012207031 252.54832458496094 285.287109375 219.10975646972656 
283.1487121582031 274.3558654785156 279.5875549316406 223.20074462890625 
283.3907470703125 331.1972961425781 276.7685546875 264.6839294433594 
284.0614929199219 346.4699401855469 277.8582763671875 275.8230285644531 
279.391357421875 385.9190368652344 354.10992431640625 321.0133361816406 
288.3244934082031 394.0762634277344 282.3891906738281 344.2140197753906 
231.04246520996094 406.87237548828125 277.7536926269531 348.70538330078125 
231.25025939941406 413.20111083984375 218.21319580078125 366.6323547363281 
279.0610656738281 417.89715576171875 352.94805908203125 369.5196533203125 
321.6842346191406 423.8012390136719 167.74008178710938 376.5704650878906 
255.53042602539062 454.9249267578125 353.2745666503906 383.21856689453125 
348.3311767578125 475.53961181640625 277.8216552734375 391.9328308105469 
287.19793701171875 136.570556640625 319.4388122558594 415.44927978515625 
287.19793701171875 136.570556640625 225.39370727539062 415.916748046875 
317.5511169433594 152.27777099609375 222.13772583007812 427.4516296386719 
276.459228515625 163.08746337890625 297.66436767578125 438.27215576171875 
375.0223388671875 229.26148986816406 362.9699401855469 481.4253234863281 
327.60174560546875 245.7983856201172 344.5771484375 490.97137451171875 
145.40225219726562 274.2153625488281 220.6758270263672 128.7310791015625 
320.7960205078125 298.9576110839844 274.19915771484375 136.6490936279297 
230.98040771484375 313.1026611328125 239.7211456298828 141.89353942871094 
278.1660461425781 313.44281005859375 239.7211456298828 141.89353942871094 
322.89947509765625 355.8011474609375 340.08148193359375 155.3507537841797 
279.0710144042969 417.776611328125 152.1326904296875 173.70217895507812 
222.83154296875 422.9026794433594 353.6552429199219 179.6678009033203 
100.84098052978516 470.7725524902344 128.90777587890625 195.10787963867188 
212.33103942871094 119.03238677978516 162.45277404785156 235.18186950683594 
212.33103942871094 119.03238677978516 266.0317687988281 236.286376953125 
328.22601318359375 175.7364044189453 363.2893371582031 308.6842346191406 
275.1722717285156 235.6295166015625 294.2980651855469 428.1556701660156 
365.9870300292969 408.19036865234375 317.0839538574219 449.48150634765625 
230.6525421142578 421.2836608886719 228.70498657226562 455.540283203125 
378.5002136230469 439.8125305175781 368.7367248535156 458.2815856933594 
390.5343017578125 445.4091491699219 359.49310302734375 460.0833740234375 
230.66708374023438 447.694091796875 392.0703125 465.92156982421875 
229.61538696289062 78.08098602294922 269.33856201171875 503.63623046875 
228.38101196289062 119.09454345703125 208.01939392089844 513.6813354492188 
139.26939392089844 155.70916748046875 176.01148986816406 118.7136459350586 
312.1490783691406 162.89590454101562 154.95779418945312 134.5947723388672 
123.85557556152344 224.3807830810547 388.3954162597656 233.04998779296875 
365.6170349121094 419.5433654785156 171.6243896484375 430.0325622558594 
112.17225646972656 453.0042724609375 218.6831512451172 455.6296691894531 
147.68145751953125 497.7563781738281 170.01593017578125 495.19305419921875 
323.7186584472656 103.65153503417969 218.5526123046875 511.315185546875 
207.35223388671875 133.07501220703125 217.43820190429688 78.224609375 
152.38345336914062 377.58001708984375 332.11578369140625 177.21539306640625 
139.6986083984375 411.181396484375 190.8783721923828 214.85238647460938 
379.9228210449219 415.74542236328125 273.9856872558594 230.78553771972656 
377.5413513183594 428.0105895996094 277.75286865234375 239.7953643798828 
121.66236114501953 443.2523193359375 293.4196472167969 245.72604370117188 
252.22122192382812 86.06523895263672 291.8472595214844 267.3208312988281 
363.1290588378906 224.22059631347656 399.37200927734375 455.35760498046875 
131.1332550048828 257.1100769042969 398.3402099609375 472.6888732910156 
369.044189453125 389.02099609375 168.88587951660156 110.25912475585938 
371.3011169433594 253.09478759765625 141.59840393066406 154.64930725097656 
346.83538818359375 234.14495849609375 378.0223693847656 426.748779296875 
