1.010000000000000000e+02 2.123000000000000000e+03 7.300000000000000000e+01 2.212000000000000000e+03
1.370000000000000000e+02 2.297000000000000000e+03 1.120000000000000000e+02 2.389000000000000000e+03
1.620000000000000000e+02 2.076000000000000000e+03 1.360000000000000000e+02 2.163000000000000000e+03
1.750000000000000000e+02 1.989000000000000000e+03 1.500000000000000000e+02 2.074000000000000000e+03
2.330000000000000000e+02 2.011000000000000000e+03 2.080000000000000000e+02 2.095000000000000000e+03
3.320000000000000000e+02 1.969000000000000000e+03 3.150000000000000000e+02 2.052000000000000000e+03
3.600000000000000000e+02 2.009000000000000000e+03 3.460000000000000000e+02 2.094000000000000000e+03
4.360000000000000000e+02 1.775000000000000000e+03 4.170000000000000000e+02 1.853000000000000000e+03
5.170000000000000000e+02 1.728000000000000000e+03 5.050000000000000000e+02 1.805000000000000000e+03
5.780000000000000000e+02 2.116000000000000000e+03 5.650000000000000000e+02 2.198000000000000000e+03
6.110000000000000000e+02 4.510000000000000000e+02 5.820000000000000000e+02 5.210000000000000000e+02
6.520000000000000000e+02 4.660000000000000000e+02 6.250000000000000000e+02 5.360000000000000000e+02
6.520000000000000000e+02 4.660000000000000000e+02 6.250000000000000000e+02 5.360000000000000000e+02
7.570000000000000000e+02 4.430000000000000000e+02 7.300000000000000000e+02 5.120000000000000000e+02
7.570000000000000000e+02 4.430000000000000000e+02 7.300000000000000000e+02 5.120000000000000000e+02
8.080000000000000000e+02 4.440000000000000000e+02 7.820000000000000000e+02 5.130000000000000000e+02
8.500000000000000000e+02 9.210000000000000000e+02 8.270000000000000000e+02 9.880000000000000000e+02
8.560000000000000000e+02 1.156000000000000000e+03 8.360000000000000000e+02 1.223000000000000000e+03
9.030000000000000000e+02 1.147000000000000000e+03 8.830000000000000000e+02 1.213000000000000000e+03
9.500000000000000000e+02 1.250000000000000000e+03 9.320000000000000000e+02 1.317000000000000000e+03
9.570000000000000000e+02 1.107000000000000000e+03 9.360000000000000000e+02 1.173000000000000000e+03
9.610000000000000000e+02 1.257000000000000000e+03 9.430000000000000000e+02 1.324000000000000000e+03
9.790000000000000000e+02 1.209000000000000000e+03 9.600000000000000000e+02 1.276000000000000000e+03
9.810000000000000000e+02 1.305000000000000000e+03 9.650000000000000000e+02 1.372000000000000000e+03
9.860000000000000000e+02 1.211000000000000000e+03 9.690000000000000000e+02 1.277000000000000000e+03
9.900000000000000000e+02 1.099000000000000000e+03 9.690000000000000000e+02 1.165000000000000000e+03
9.990000000000000000e+02 1.303000000000000000e+03 9.830000000000000000e+02 1.369000000000000000e+03
1.024000000000000000e+03 1.202000000000000000e+03 1.007000000000000000e+03 1.267000000000000000e+03
1.026000000000000000e+03 2.229000000000000000e+03 1.025000000000000000e+03 2.307000000000000000e+03
1.029000000000000000e+03 1.273000000000000000e+03 1.012000000000000000e+03 1.338000000000000000e+03
1.029000000000000000e+03 2.260000000000000000e+03 1.029000000000000000e+03 2.338000000000000000e+03
1.029000000000000000e+03 2.260000000000000000e+03 1.029000000000000000e+03 2.338000000000000000e+03
1.048000000000000000e+03 1.110000000000000000e+03 1.028000000000000000e+03 1.176000000000000000e+03
1.066000000000000000e+03 1.291000000000000000e+03 1.051000000000000000e+03 1.356000000000000000e+03
1.070000000000000000e+03 1.219000000000000000e+03 1.052000000000000000e+03 1.284000000000000000e+03
1.071000000000000000e+03 1.286000000000000000e+03 1.056000000000000000e+03 1.351000000000000000e+03
1.084000000000000000e+03 9.600000000000000000e+02 1.061000000000000000e+03 1.025000000000000000e+03
1.086000000000000000e+03 8.890000000000000000e+02 1.062000000000000000e+03 9.550000000000000000e+02
1.095000000000000000e+03 1.188000000000000000e+03 1.077000000000000000e+03 1.252000000000000000e+03
1.099000000000000000e+03 1.079000000000000000e+03 1.079000000000000000e+03 1.144000000000000000e+03
1.104000000000000000e+03 1.283000000000000000e+03 1.087000000000000000e+03 1.349000000000000000e+03
1.106000000000000000e+03 1.181000000000000000e+03 1.088000000000000000e+03 1.246000000000000000e+03
1.127000000000000000e+03 1.213000000000000000e+03 1.110000000000000000e+03 1.277000000000000000e+03
1.134000000000000000e+03 9.470000000000000000e+02 1.111000000000000000e+03 1.012000000000000000e+03
1.139000000000000000e+03 1.304000000000000000e+03 1.126000000000000000e+03 1.369000000000000000e+03
1.147000000000000000e+03 1.061000000000000000e+03 1.126000000000000000e+03 1.126000000000000000e+03
1.153000000000000000e+03 1.310000000000000000e+03 1.138000000000000000e+03 1.375000000000000000e+03
1.154000000000000000e+03 1.176000000000000000e+03 1.136000000000000000e+03 1.241000000000000000e+03
1.158000000000000000e+03 1.262000000000000000e+03 1.142000000000000000e+03 1.327000000000000000e+03
1.169000000000000000e+03 1.168000000000000000e+03 1.152000000000000000e+03 1.232000000000000000e+03
1.170000000000000000e+03 1.260000000000000000e+03 1.154000000000000000e+03 1.324000000000000000e+03
1.178000000000000000e+03 6.980000000000000000e+02 1.153000000000000000e+03 7.630000000000000000e+02
1.178000000000000000e+03 6.980000000000000000e+02 1.153000000000000000e+03 7.630000000000000000e+02
1.183000000000000000e+03 1.230000000000000000e+03 1.167000000000000000e+03 1.294000000000000000e+03
1.206000000000000000e+03 1.255000000000000000e+03 1.190000000000000000e+03 1.319000000000000000e+03
1.206000000000000000e+03 1.255000000000000000e+03 1.190000000000000000e+03 1.319000000000000000e+03
1.210000000000000000e+03 1.099000000000000000e+03 1.190000000000000000e+03 1.163000000000000000e+03
1.210000000000000000e+03 1.099000000000000000e+03 1.190000000000000000e+03 1.163000000000000000e+03
1.212000000000000000e+03 1.160000000000000000e+03 1.195000000000000000e+03 1.224000000000000000e+03
1.213000000000000000e+03 1.159000000000000000e+03 1.195000000000000000e+03 1.223000000000000000e+03
1.213000000000000000e+03 1.159000000000000000e+03 1.195000000000000000e+03 1.223000000000000000e+03
1.216000000000000000e+03 1.219000000000000000e+03 1.199000000000000000e+03 1.283000000000000000e+03
1.219000000000000000e+03 1.215000000000000000e+03 1.202000000000000000e+03 1.279000000000000000e+03
1.221000000000000000e+03 1.165000000000000000e+03 1.204000000000000000e+03 1.229000000000000000e+03
1.224000000000000000e+03 1.157000000000000000e+03 1.207000000000000000e+03 1.221000000000000000e+03
1.232000000000000000e+03 1.095000000000000000e+03 1.214000000000000000e+03 1.159000000000000000e+03
1.240000000000000000e+03 1.277000000000000000e+03 1.224000000000000000e+03 1.340000000000000000e+03
1.241000000000000000e+03 1.312000000000000000e+03 1.226000000000000000e+03 1.375000000000000000e+03
1.323000000000000000e+03 1.262000000000000000e+03 1.308000000000000000e+03 1.325000000000000000e+03
1.326000000000000000e+03 1.296000000000000000e+03 1.312000000000000000e+03 1.359000000000000000e+03
1.330000000000000000e+03 1.162000000000000000e+03 1.314000000000000000e+03 1.225000000000000000e+03
1.330000000000000000e+03 1.266000000000000000e+03 1.316000000000000000e+03 1.329000000000000000e+03
1.334000000000000000e+03 1.260000000000000000e+03 1.320000000000000000e+03 1.323000000000000000e+03
1.334000000000000000e+03 1.260000000000000000e+03 1.320000000000000000e+03 1.323000000000000000e+03
1.339000000000000000e+03 1.203000000000000000e+03 1.323000000000000000e+03 1.266000000000000000e+03
1.340000000000000000e+03 1.132000000000000000e+03 1.323000000000000000e+03 1.194000000000000000e+03
1.342000000000000000e+03 1.199000000000000000e+03 1.326000000000000000e+03 1.261000000000000000e+03
1.344000000000000000e+03 1.229000000000000000e+03 1.329000000000000000e+03 1.291000000000000000e+03
1.345000000000000000e+03 1.295000000000000000e+03 1.332000000000000000e+03 1.358000000000000000e+03
1.345000000000000000e+03 1.295000000000000000e+03 1.332000000000000000e+03 1.358000000000000000e+03
1.355000000000000000e+03 1.287000000000000000e+03 1.340000000000000000e+03 1.350000000000000000e+03
1.355000000000000000e+03 8.490000000000000000e+02 1.332000000000000000e+03 9.120000000000000000e+02
1.360000000000000000e+03 1.255000000000000000e+03 1.346000000000000000e+03 1.317000000000000000e+03
1.365000000000000000e+03 1.250000000000000000e+03 1.350000000000000000e+03 1.313000000000000000e+03
1.372000000000000000e+03 1.158000000000000000e+03 1.355000000000000000e+03 1.220000000000000000e+03
1.372000000000000000e+03 1.158000000000000000e+03 1.355000000000000000e+03 1.220000000000000000e+03
1.377000000000000000e+03 1.321000000000000000e+03 1.364000000000000000e+03 1.383000000000000000e+03
1.379000000000000000e+03 1.185000000000000000e+03 1.362000000000000000e+03 1.247000000000000000e+03
1.384000000000000000e+03 1.323000000000000000e+03 1.370000000000000000e+03 1.385000000000000000e+03
1.386000000000000000e+03 1.250000000000000000e+03 1.370000000000000000e+03 1.312000000000000000e+03
1.386000000000000000e+03 1.250000000000000000e+03 1.370000000000000000e+03 1.312000000000000000e+03
1.390000000000000000e+03 1.152000000000000000e+03 1.373000000000000000e+03 1.214000000000000000e+03
1.395000000000000000e+03 1.090000000000000000e+03 1.377000000000000000e+03 1.152000000000000000e+03
1.403000000000000000e+03 1.003000000000000000e+03 1.383000000000000000e+03 1.066000000000000000e+03
1.408000000000000000e+03 1.275000000000000000e+03 1.393000000000000000e+03 1.336000000000000000e+03
1.415000000000000000e+03 1.315000000000000000e+03 1.400000000000000000e+03 1.377000000000000000e+03
1.419000000000000000e+03 1.180000000000000000e+03 1.403000000000000000e+03 1.242000000000000000e+03
1.427000000000000000e+03 1.082000000000000000e+03 1.408000000000000000e+03 1.144000000000000000e+03
1.429000000000000000e+03 1.173000000000000000e+03 1.412000000000000000e+03 1.234000000000000000e+03
1.432000000000000000e+03 1.093000000000000000e+03 1.414000000000000000e+03 1.154000000000000000e+03
1.432000000000000000e+03 1.093000000000000000e+03 1.414000000000000000e+03 1.154000000000000000e+03
1.441000000000000000e+03 1.308000000000000000e+03 1.428000000000000000e+03 1.370000000000000000e+03
1.441000000000000000e+03 1.308000000000000000e+03 1.428000000000000000e+03 1.370000000000000000e+03
1.445000000000000000e+03 1.138000000000000000e+03 1.427000000000000000e+03 1.200000000000000000e+03
1.446000000000000000e+03 1.235000000000000000e+03 1.244000000000000000e+03 1.337000000000000000e+03
1.457000000000000000e+03 1.136000000000000000e+03 1.439000000000000000e+03 1.198000000000000000e+03
1.459000000000000000e+03 8.480000000000000000e+02 1.436000000000000000e+03 9.100000000000000000e+02
1.460000000000000000e+03 1.108000000000000000e+03 1.442000000000000000e+03 1.169000000000000000e+03
1.474000000000000000e+03 1.229000000000000000e+03 1.459000000000000000e+03 1.290000000000000000e+03
1.487000000000000000e+03 1.016000000000000000e+03 1.469000000000000000e+03 1.077000000000000000e+03
1.530000000000000000e+03 1.155000000000000000e+03 1.513000000000000000e+03 1.216000000000000000e+03
1.538000000000000000e+03 1.158000000000000000e+03 1.522000000000000000e+03 1.218000000000000000e+03
1.560000000000000000e+03 1.014000000000000000e+03 1.540000000000000000e+03 1.074000000000000000e+03
1.566000000000000000e+03 1.283000000000000000e+03 1.552000000000000000e+03 1.343000000000000000e+03
1.576000000000000000e+03 1.293000000000000000e+03 1.564000000000000000e+03 1.353000000000000000e+03
1.585000000000000000e+03 1.119000000000000000e+03 1.568000000000000000e+03 1.179000000000000000e+03
1.593000000000000000e+03 1.279000000000000000e+03 1.579000000000000000e+03 1.339000000000000000e+03
1.626000000000000000e+03 1.278000000000000000e+03 1.612000000000000000e+03 1.337000000000000000e+03
1.636000000000000000e+03 2.179000000000000000e+03 1.644000000000000000e+03 2.246000000000000000e+03
1.636000000000000000e+03 2.179000000000000000e+03 1.644000000000000000e+03 2.246000000000000000e+03
1.638000000000000000e+03 1.208000000000000000e+03 1.623000000000000000e+03 1.268000000000000000e+03
1.641000000000000000e+03 1.204000000000000000e+03 1.625000000000000000e+03 1.264000000000000000e+03
1.648000000000000000e+03 1.141000000000000000e+03 1.630000000000000000e+03 1.200000000000000000e+03
1.656000000000000000e+03 1.143000000000000000e+03 1.639000000000000000e+03 1.203000000000000000e+03
1.672000000000000000e+03 1.112000000000000000e+03 1.655000000000000000e+03 1.171000000000000000e+03
1.677000000000000000e+03 2.134000000000000000e+03 1.684000000000000000e+03 2.199000000000000000e+03
1.741000000000000000e+03 1.928000000000000000e+03 1.744000000000000000e+03 1.990000000000000000e+03
1.742000000000000000e+03 1.856000000000000000e+03 1.743000000000000000e+03 1.916000000000000000e+03
1.743000000000000000e+03 2.019000000000000000e+03 1.747000000000000000e+03 2.081000000000000000e+03
1.743000000000000000e+03 1.337000000000000000e+03 1.731000000000000000e+03 1.395000000000000000e+03
1.752000000000000000e+03 1.276000000000000000e+03 1.738000000000000000e+03 1.334000000000000000e+03
1.773000000000000000e+03 1.342000000000000000e+03 1.760000000000000000e+03 1.400000000000000000e+03
1.823000000000000000e+03 1.663000000000000000e+03 1.818000000000000000e+03 1.721000000000000000e+03
1.841000000000000000e+03 1.258000000000000000e+03 1.826000000000000000e+03 1.315000000000000000e+03
1.845000000000000000e+03 1.204000000000000000e+03 1.828000000000000000e+03 1.261000000000000000e+03
1.847000000000000000e+03 1.366000000000000000e+03 1.835000000000000000e+03 1.423000000000000000e+03
1.851000000000000000e+03 1.364000000000000000e+03 1.839000000000000000e+03 1.421000000000000000e+03
1.852000000000000000e+03 1.568000000000000000e+03 1.845000000000000000e+03 1.626000000000000000e+03
1.852000000000000000e+03 1.568000000000000000e+03 1.845000000000000000e+03 1.626000000000000000e+03
1.858000000000000000e+03 7.180000000000000000e+02 1.832000000000000000e+03 7.780000000000000000e+02
1.859000000000000000e+03 1.611000000000000000e+03 1.854000000000000000e+03 1.669000000000000000e+03
1.859000000000000000e+03 1.611000000000000000e+03 1.854000000000000000e+03 1.669000000000000000e+03
1.870000000000000000e+03 1.401000000000000000e+03 1.859000000000000000e+03 1.458000000000000000e+03
1.889000000000000000e+03 1.204000000000000000e+03 1.872000000000000000e+03 1.260000000000000000e+03
1.894000000000000000e+03 1.325000000000000000e+03 1.880000000000000000e+03 1.382000000000000000e+03
1.895000000000000000e+03 1.236000000000000000e+03 1.879000000000000000e+03 1.292000000000000000e+03
1.906000000000000000e+03 1.562000000000000000e+03 1.899000000000000000e+03 1.619000000000000000e+03
1.906000000000000000e+03 1.562000000000000000e+03 1.899000000000000000e+03 1.619000000000000000e+03
1.911000000000000000e+03 1.365000000000000000e+03 1.899000000000000000e+03 1.422000000000000000e+03
1.914000000000000000e+03 1.330000000000000000e+03 1.901000000000000000e+03 1.387000000000000000e+03
1.918000000000000000e+03 1.261000000000000000e+03 1.902000000000000000e+03 1.317000000000000000e+03
1.933000000000000000e+03 1.439000000000000000e+03 1.922000000000000000e+03 1.495000000000000000e+03
1.938000000000000000e+03 1.602000000000000000e+03 1.932000000000000000e+03 1.659000000000000000e+03
1.946000000000000000e+03 1.364000000000000000e+03 1.933000000000000000e+03 1.420000000000000000e+03
1.946000000000000000e+03 1.364000000000000000e+03 1.933000000000000000e+03 1.420000000000000000e+03
1.947000000000000000e+03 1.399000000000000000e+03 1.936000000000000000e+03 1.455000000000000000e+03
1.954000000000000000e+03 1.510000000000000000e+03 1.945000000000000000e+03 1.566000000000000000e+03
1.961000000000000000e+03 1.400000000000000000e+03 1.951000000000000000e+03 1.456000000000000000e+03
1.973000000000000000e+03 1.404000000000000000e+03 1.962000000000000000e+03 1.460000000000000000e+03
1.975000000000000000e+03 1.517000000000000000e+03 1.967000000000000000e+03 1.573000000000000000e+03
1.978000000000000000e+03 1.600000000000000000e+03 1.971000000000000000e+03 1.656000000000000000e+03
1.978000000000000000e+03 1.600000000000000000e+03 1.971000000000000000e+03 1.656000000000000000e+03
1.984000000000000000e+03 1.218000000000000000e+03 1.967000000000000000e+03 1.273000000000000000e+03
1.984000000000000000e+03 1.218000000000000000e+03 1.967000000000000000e+03 1.273000000000000000e+03
1.992000000000000000e+03 1.193000000000000000e+03 1.974000000000000000e+03 1.249000000000000000e+03
2.002000000000000000e+03 1.368000000000000000e+03 1.989000000000000000e+03 1.423000000000000000e+03
2.002000000000000000e+03 1.368000000000000000e+03 1.989000000000000000e+03 1.423000000000000000e+03
2.005000000000000000e+03 1.365000000000000000e+03 1.992000000000000000e+03 1.420000000000000000e+03
2.010000000000000000e+03 1.599000000000000000e+03 2.003000000000000000e+03 1.655000000000000000e+03
2.014000000000000000e+03 1.475000000000000000e+03 2.004000000000000000e+03 1.530000000000000000e+03
2.014000000000000000e+03 1.475000000000000000e+03 2.004000000000000000e+03 1.530000000000000000e+03
2.015000000000000000e+03 1.400000000000000000e+03 2.002000000000000000e+03 1.455000000000000000e+03
2.025000000000000000e+03 1.405000000000000000e+03 2.013000000000000000e+03 1.460000000000000000e+03
2.026000000000000000e+03 1.642000000000000000e+03 2.021000000000000000e+03 1.697000000000000000e+03
2.026000000000000000e+03 1.642000000000000000e+03 2.021000000000000000e+03 1.697000000000000000e+03
2.027000000000000000e+03 1.414000000000000000e+03 2.016000000000000000e+03 1.469000000000000000e+03
2.027000000000000000e+03 1.571000000000000000e+03 2.020000000000000000e+03 1.626000000000000000e+03
2.047000000000000000e+03 1.407000000000000000e+03 2.034000000000000000e+03 1.461000000000000000e+03
2.051000000000000000e+03 1.417000000000000000e+03 2.039000000000000000e+03 1.471000000000000000e+03
2.054000000000000000e+03 1.413000000000000000e+03 2.041000000000000000e+03 1.468000000000000000e+03
2.084000000000000000e+03 1.353000000000000000e+03 2.069000000000000000e+03 1.407000000000000000e+03
2.084000000000000000e+03 1.353000000000000000e+03 2.069000000000000000e+03 1.407000000000000000e+03
2.109000000000000000e+03 1.423000000000000000e+03 2.095000000000000000e+03 1.477000000000000000e+03
2.122000000000000000e+03 1.092000000000000000e+03 2.101000000000000000e+03 1.147000000000000000e+03
2.124000000000000000e+03 1.490000000000000000e+03 2.113000000000000000e+03 1.544000000000000000e+03
2.129000000000000000e+03 4.580000000000000000e+02 2.098000000000000000e+03 5.200000000000000000e+02
2.132000000000000000e+03 1.525000000000000000e+03 2.122000000000000000e+03 1.579000000000000000e+03
2.132000000000000000e+03 2.579000000000000000e+03 2.142000000000000000e+03 2.641000000000000000e+03
2.159000000000000000e+03 1.498000000000000000e+03 2.148000000000000000e+03 1.551000000000000000e+03
2.159000000000000000e+03 1.498000000000000000e+03 2.148000000000000000e+03 1.551000000000000000e+03
2.169000000000000000e+03 1.566000000000000000e+03 2.161000000000000000e+03 1.620000000000000000e+03
2.169000000000000000e+03 1.566000000000000000e+03 2.161000000000000000e+03 1.620000000000000000e+03
2.176000000000000000e+03 1.501000000000000000e+03 2.165000000000000000e+03 1.554000000000000000e+03
2.176000000000000000e+03 1.501000000000000000e+03 2.165000000000000000e+03 1.554000000000000000e+03
2.181000000000000000e+03 1.188000000000000000e+03 2.163000000000000000e+03 1.242000000000000000e+03
2.182000000000000000e+03 6.530000000000000000e+02 2.155000000000000000e+03 7.100000000000000000e+02
2.189000000000000000e+03 6.100000000000000000e+02 2.161000000000000000e+03 6.680000000000000000e+02
2.192000000000000000e+03 1.196000000000000000e+03 2.173000000000000000e+03 1.250000000000000000e+03
2.192000000000000000e+03 1.196000000000000000e+03 2.173000000000000000e+03 1.250000000000000000e+03
2.205000000000000000e+03 1.578000000000000000e+03 2.195000000000000000e+03 1.631000000000000000e+03
2.205000000000000000e+03 1.232000000000000000e+03 2.188000000000000000e+03 1.285000000000000000e+03
2.206000000000000000e+03 1.172000000000000000e+03 2.187000000000000000e+03 1.225000000000000000e+03
2.208000000000000000e+03 1.165000000000000000e+03 2.190000000000000000e+03 1.219000000000000000e+03
2.208000000000000000e+03 1.165000000000000000e+03 2.190000000000000000e+03 1.219000000000000000e+03
2.209000000000000000e+03 1.651000000000000000e+03 2.202000000000000000e+03 1.704000000000000000e+03
2.212000000000000000e+03 6.830000000000000000e+02 2.184000000000000000e+03 7.400000000000000000e+02
2.213000000000000000e+03 2.534000000000000000e+03 2.222000000000000000e+03 2.595000000000000000e+03
2.220000000000000000e+03 6.070000000000000000e+02 2.191000000000000000e+03 6.650000000000000000e+02
2.239000000000000000e+03 1.618000000000000000e+03 2.229000000000000000e+03 1.670000000000000000e+03
2.248000000000000000e+03 1.000000000000000000e+03 2.227000000000000000e+03 1.055000000000000000e+03
2.256000000000000000e+03 1.131000000000000000e+03 2.237000000000000000e+03 1.184000000000000000e+03
2.259000000000000000e+03 2.576000000000000000e+03 2.270000000000000000e+03 2.636000000000000000e+03
2.269000000000000000e+03 1.138000000000000000e+03 2.250000000000000000e+03 1.191000000000000000e+03
2.272000000000000000e+03 2.401000000000000000e+03 2.278000000000000000e+03 2.459000000000000000e+03
2.286000000000000000e+03 2.512000000000000000e+03 2.296000000000000000e+03 2.571000000000000000e+03
2.301000000000000000e+03 1.160000000000000000e+03 2.282000000000000000e+03 1.212000000000000000e+03
2.301000000000000000e+03 1.160000000000000000e+03 2.282000000000000000e+03 1.212000000000000000e+03
2.303000000000000000e+03 1.153000000000000000e+03 2.284000000000000000e+03 1.205000000000000000e+03
2.303000000000000000e+03 1.153000000000000000e+03 2.284000000000000000e+03 1.205000000000000000e+03
2.309000000000000000e+03 1.161000000000000000e+03 2.291000000000000000e+03 1.213000000000000000e+03
2.319000000000000000e+03 1.098000000000000000e+03 2.300000000000000000e+03 1.151000000000000000e+03
2.331000000000000000e+03 2.594000000000000000e+03 2.342000000000000000e+03 2.653000000000000000e+03
2.348000000000000000e+03 9.700000000000000000e+02 2.324000000000000000e+03 1.023000000000000000e+03
2.348000000000000000e+03 9.700000000000000000e+02 2.324000000000000000e+03 1.023000000000000000e+03
2.381000000000000000e+03 1.121000000000000000e+03 2.361000000000000000e+03 1.173000000000000000e+03
2.382000000000000000e+03 7.700000000000000000e+02 2.356000000000000000e+03 8.260000000000000000e+02
2.388000000000000000e+03 3.700000000000000000e+02 2.350000000000000000e+03 4.320000000000000000e+02
2.402000000000000000e+03 1.120000000000000000e+03 2.382000000000000000e+03 1.172000000000000000e+03
2.452000000000000000e+03 2.598000000000000000e+03 2.464000000000000000e+03 2.655000000000000000e+03
2.454000000000000000e+03 2.404000000000000000e+03 2.461000000000000000e+03 2.459000000000000000e+03
2.454000000000000000e+03 2.404000000000000000e+03 2.461000000000000000e+03 2.459000000000000000e+03
2.486000000000000000e+03 2.585000000000000000e+03 2.497000000000000000e+03 2.641000000000000000e+03
2.502000000000000000e+03 2.543000000000000000e+03 2.513000000000000000e+03 2.599000000000000000e+03
2.548000000000000000e+03 7.540000000000000000e+02 2.517000000000000000e+03 8.080000000000000000e+02
2.552000000000000000e+03 8.580000000000000000e+02 2.524000000000000000e+03 9.110000000000000000e+02
2.567000000000000000e+03 7.240000000000000000e+02 2.537000000000000000e+03 7.780000000000000000e+02
2.591000000000000000e+03 8.920000000000000000e+02 2.564000000000000000e+03 9.450000000000000000e+02
2.597000000000000000e+03 9.270000000000000000e+02 2.570000000000000000e+03 9.790000000000000000e+02
2.597000000000000000e+03 9.270000000000000000e+02 2.570000000000000000e+03 9.790000000000000000e+02
2.598000000000000000e+03 8.300000000000000000e+02 2.571000000000000000e+03 8.830000000000000000e+02
2.607000000000000000e+03 1.062000000000000000e+03 2.584000000000000000e+03 1.113000000000000000e+03
2.607000000000000000e+03 1.062000000000000000e+03 2.584000000000000000e+03 1.113000000000000000e+03
2.610000000000000000e+03 8.730000000000000000e+02 2.583000000000000000e+03 9.250000000000000000e+02
2.610000000000000000e+03 8.730000000000000000e+02 2.583000000000000000e+03 9.250000000000000000e+02
2.612000000000000000e+03 9.080000000000000000e+02 2.584000000000000000e+03 9.600000000000000000e+02
2.613000000000000000e+03 8.510000000000000000e+02 2.585000000000000000e+03 9.030000000000000000e+02
2.613000000000000000e+03 8.510000000000000000e+02 2.585000000000000000e+03 9.030000000000000000e+02
2.621000000000000000e+03 9.430000000000000000e+02 2.594000000000000000e+03 9.940000000000000000e+02
2.626000000000000000e+03 1.000000000000000000e+03 2.600000000000000000e+03 1.051000000000000000e+03
2.629000000000000000e+03 2.594000000000000000e+03 2.641000000000000000e+03 2.648000000000000000e+03
2.629000000000000000e+03 1.086000000000000000e+03 2.606000000000000000e+03 1.136000000000000000e+03
2.657000000000000000e+03 7.780000000000000000e+02 2.628000000000000000e+03 8.310000000000000000e+02
2.657000000000000000e+03 7.780000000000000000e+02 2.628000000000000000e+03 8.310000000000000000e+02
2.660000000000000000e+03 3.900000000000000000e+02 2.619000000000000000e+03 4.500000000000000000e+02
2.680000000000000000e+03 1.275000000000000000e+03 2.662000000000000000e+03 1.323000000000000000e+03
2.686000000000000000e+03 2.536000000000000000e+03 2.696000000000000000e+03 2.588000000000000000e+03
2.686000000000000000e+03 2.495000000000000000e+03 2.695000000000000000e+03 2.546000000000000000e+03
2.686000000000000000e+03 2.495000000000000000e+03 2.695000000000000000e+03 2.546000000000000000e+03
2.687000000000000000e+03 1.046000000000000000e+03 2.664000000000000000e+03 1.095000000000000000e+03
2.689000000000000000e+03 9.590000000000000000e+02 2.662000000000000000e+03 1.010000000000000000e+03
2.689000000000000000e+03 9.590000000000000000e+02 2.662000000000000000e+03 1.010000000000000000e+03
2.696000000000000000e+03 1.281000000000000000e+03 2.677000000000000000e+03 1.329000000000000000e+03
2.703000000000000000e+03 9.380000000000000000e+02 2.675000000000000000e+03 9.880000000000000000e+02
2.707000000000000000e+03 1.272000000000000000e+03 2.687000000000000000e+03 1.319000000000000000e+03
2.707000000000000000e+03 1.272000000000000000e+03 2.687000000000000000e+03 1.319000000000000000e+03
2.713000000000000000e+03 1.280000000000000000e+03 2.694000000000000000e+03 1.327000000000000000e+03
2.716000000000000000e+03 9.140000000000000000e+02 2.691000000000000000e+03 9.650000000000000000e+02
2.737000000000000000e+03 1.065000000000000000e+03 2.713000000000000000e+03 1.114000000000000000e+03
2.742000000000000000e+03 1.287000000000000000e+03 2.723000000000000000e+03 1.335000000000000000e+03
2.780000000000000000e+03 6.210000000000000000e+02 2.741000000000000000e+03 6.760000000000000000e+02
2.799000000000000000e+03 2.463000000000000000e+03 2.807000000000000000e+03 2.513000000000000000e+03
2.801000000000000000e+03 1.272000000000000000e+03 2.780000000000000000e+03 1.319000000000000000e+03
2.803000000000000000e+03 2.551000000000000000e+03 2.814000000000000000e+03 2.601000000000000000e+03
2.806000000000000000e+03 1.271000000000000000e+03 2.785000000000000000e+03 1.318000000000000000e+03
2.815000000000000000e+03 1.281000000000000000e+03 2.794000000000000000e+03 1.327000000000000000e+03
2.819000000000000000e+03 7.570000000000000000e+02 2.787000000000000000e+03 8.080000000000000000e+02
2.821000000000000000e+03 2.591000000000000000e+03 2.833000000000000000e+03 2.642000000000000000e+03
2.822000000000000000e+03 1.285000000000000000e+03 2.801000000000000000e+03 1.331000000000000000e+03
2.830000000000000000e+03 1.279000000000000000e+03 2.808000000000000000e+03 1.325000000000000000e+03
2.831000000000000000e+03 2.466000000000000000e+03 2.839000000000000000e+03 2.515000000000000000e+03
2.842000000000000000e+03 2.500000000000000000e+03 2.851000000000000000e+03 2.549000000000000000e+03
2.843000000000000000e+03 9.310000000000000000e+02 2.818000000000000000e+03 9.800000000000000000e+02
2.857000000000000000e+03 1.280000000000000000e+03 2.837000000000000000e+03 1.327000000000000000e+03
2.872000000000000000e+03 8.570000000000000000e+02 2.843000000000000000e+03 9.070000000000000000e+02
2.872000000000000000e+03 8.570000000000000000e+02 2.843000000000000000e+03 9.070000000000000000e+02
2.873000000000000000e+03 7.400000000000000000e+02 2.840000000000000000e+03 7.910000000000000000e+02
2.887000000000000000e+03 1.851000000000000000e+03 2.877000000000000000e+03 1.895000000000000000e+03
2.889000000000000000e+03 1.897000000000000000e+03 2.882000000000000000e+03 1.942000000000000000e+03
2.898000000000000000e+03 7.320000000000000000e+02 2.863000000000000000e+03 7.830000000000000000e+02
2.918000000000000000e+03 1.867000000000000000e+03 2.909000000000000000e+03 1.910000000000000000e+03
2.918000000000000000e+03 1.867000000000000000e+03 2.909000000000000000e+03 1.910000000000000000e+03
2.928000000000000000e+03 2.592000000000000000e+03 2.939000000000000000e+03 2.640000000000000000e+03
2.928000000000000000e+03 2.592000000000000000e+03 2.939000000000000000e+03 2.640000000000000000e+03
2.928000000000000000e+03 2.592000000000000000e+03 2.939000000000000000e+03 2.640000000000000000e+03
2.930000000000000000e+03 1.887000000000000000e+03 2.923000000000000000e+03 1.930000000000000000e+03
2.970000000000000000e+03 2.454000000000000000e+03 2.978000000000000000e+03 2.500000000000000000e+03
3.029000000000000000e+03 2.298000000000000000e+03 3.032000000000000000e+03 2.342000000000000000e+03
3.087000000000000000e+03 2.364000000000000000e+03 3.092000000000000000e+03 2.408000000000000000e+03
3.088000000000000000e+03 2.463000000000000000e+03 3.096000000000000000e+03 2.508000000000000000e+03
3.116000000000000000e+03 9.460000000000000000e+02 3.087000000000000000e+03 9.930000000000000000e+02
3.116000000000000000e+03 9.460000000000000000e+02 3.087000000000000000e+03 9.930000000000000000e+02
3.136000000000000000e+03 6.730000000000000000e+02 3.096000000000000000e+03 7.230000000000000000e+02
3.139000000000000000e+03 6.540000000000000000e+02 3.100000000000000000e+03 7.040000000000000000e+02
3.175000000000000000e+03 2.281000000000000000e+03 3.176000000000000000e+03 2.323000000000000000e+03
3.186000000000000000e+03 2.366000000000000000e+03 3.190000000000000000e+03 2.407000000000000000e+03
3.200000000000000000e+03 1.290000000000000000e+03 3.177000000000000000e+03 1.332000000000000000e+03
3.213000000000000000e+03 1.291000000000000000e+03 3.191000000000000000e+03 1.333000000000000000e+03
3.214000000000000000e+03 2.466000000000000000e+03 3.220000000000000000e+03 2.509000000000000000e+03
3.214000000000000000e+03 2.466000000000000000e+03 3.220000000000000000e+03 2.509000000000000000e+03
3.221000000000000000e+03 1.601000000000000000e+03 3.202000000000000000e+03 1.642000000000000000e+03
3.226000000000000000e+03 6.850000000000000000e+02 3.187000000000000000e+03 7.350000000000000000e+02
3.231000000000000000e+03 6.050000000000000000e+02 3.190000000000000000e+03 6.550000000000000000e+02
3.305000000000000000e+03 1.176000000000000000e+03 3.279000000000000000e+03 1.218000000000000000e+03
3.305000000000000000e+03 1.176000000000000000e+03 3.279000000000000000e+03 1.218000000000000000e+03
