8.730000000000000000e+02 1.382000000000000000e+03 7.880000000000000000e+02 1.355000000000000000e+03
8.730000000000000000e+02 1.382000000000000000e+03 7.880000000000000000e+02 1.355000000000000000e+03
9.590000000000000000e+02 1.065000000000000000e+03 8.830000000000000000e+02 1.043000000000000000e+03
1.140000000000000000e+03 1.055000000000000000e+03 1.070000000000000000e+03 1.036000000000000000e+03
1.173000000000000000e+03 1.316000000000000000e+03 1.105000000000000000e+03 1.277000000000000000e+03
1.180000000000000000e+03 1.031000000000000000e+03 1.112000000000000000e+03 1.012000000000000000e+03
1.183000000000000000e+03 9.830000000000000000e+02 1.115000000000000000e+03 9.670000000000000000e+02
1.197000000000000000e+03 9.880000000000000000e+02 1.129000000000000000e+03 9.730000000000000000e+02
1.211000000000000000e+03 1.119000000000000000e+03 1.144000000000000000e+03 1.092000000000000000e+03
1.211000000000000000e+03 1.119000000000000000e+03 1.144000000000000000e+03 1.092000000000000000e+03
1.221000000000000000e+03 9.590000000000000000e+02 1.153000000000000000e+03 9.450000000000000000e+02
1.239000000000000000e+03 9.220000000000000000e+02 1.172000000000000000e+03 9.110000000000000000e+02
1.240000000000000000e+03 9.350000000000000000e+02 1.172000000000000000e+03 9.230000000000000000e+02
1.240000000000000000e+03 5.000000000000000000e+02 1.170000000000000000e+03 5.350000000000000000e+02
1.244000000000000000e+03 1.569000000000000000e+03 1.180000000000000000e+03 1.514000000000000000e+03
1.246000000000000000e+03 1.206000000000000000e+03 1.180000000000000000e+03 1.171000000000000000e+03
1.248000000000000000e+03 7.300000000000000000e+02 1.179000000000000000e+03 7.380000000000000000e+02
1.248000000000000000e+03 9.190000000000000000e+02 1.181000000000000000e+03 9.080000000000000000e+02
1.260000000000000000e+03 5.470000000000000000e+02 1.191000000000000000e+03 5.770000000000000000e+02
1.281000000000000000e+03 1.404000000000000000e+03 1.218000000000000000e+03 1.357000000000000000e+03
1.282000000000000000e+03 1.100000000000000000e+03 1.217000000000000000e+03 1.073000000000000000e+03
1.288000000000000000e+03 4.560000000000000000e+02 1.219000000000000000e+03 4.950000000000000000e+02
1.292000000000000000e+03 1.098000000000000000e+03 1.227000000000000000e+03 1.071000000000000000e+03
1.303000000000000000e+03 1.601000000000000000e+03 1.242000000000000000e+03 1.543000000000000000e+03
1.310000000000000000e+03 1.556000000000000000e+03 1.249000000000000000e+03 1.500000000000000000e+03
1.315000000000000000e+03 8.990000000000000000e+02 1.249000000000000000e+03 8.880000000000000000e+02
1.315000000000000000e+03 8.990000000000000000e+02 1.249000000000000000e+03 8.880000000000000000e+02
1.327000000000000000e+03 5.480000000000000000e+02 1.259000000000000000e+03 5.760000000000000000e+02
1.327000000000000000e+03 5.480000000000000000e+02 1.259000000000000000e+03 5.760000000000000000e+02
1.336000000000000000e+03 1.032000000000000000e+03 1.271000000000000000e+03 1.009000000000000000e+03
1.349000000000000000e+03 8.170000000000000000e+02 1.284000000000000000e+03 8.120000000000000000e+02
1.358000000000000000e+03 1.083000000000000000e+03 1.294000000000000000e+03 1.055000000000000000e+03
1.358000000000000000e+03 1.083000000000000000e+03 1.294000000000000000e+03 1.055000000000000000e+03
1.363000000000000000e+03 1.544000000000000000e+03 1.304000000000000000e+03 1.489000000000000000e+03
1.363000000000000000e+03 1.544000000000000000e+03 1.304000000000000000e+03 1.489000000000000000e+03
1.370000000000000000e+03 1.351000000000000000e+03 1.309000000000000000e+03 1.304000000000000000e+03
1.371000000000000000e+03 5.360000000000000000e+02 1.303000000000000000e+03 5.650000000000000000e+02
1.375000000000000000e+03 1.347000000000000000e+03 1.314000000000000000e+03 1.302000000000000000e+03
1.394000000000000000e+03 1.585000000000000000e+03 1.337000000000000000e+03 1.526000000000000000e+03
1.394000000000000000e+03 1.585000000000000000e+03 1.337000000000000000e+03 1.526000000000000000e+03
1.399000000000000000e+03 1.538000000000000000e+03 1.341000000000000000e+03 1.481000000000000000e+03
1.399000000000000000e+03 1.538000000000000000e+03 1.341000000000000000e+03 1.481000000000000000e+03
1.411000000000000000e+03 1.535000000000000000e+03 1.354000000000000000e+03 1.479000000000000000e+03
1.411000000000000000e+03 1.535000000000000000e+03 1.354000000000000000e+03 1.479000000000000000e+03
1.421000000000000000e+03 1.590000000000000000e+03 1.365000000000000000e+03 1.531000000000000000e+03
1.424000000000000000e+03 6.660000000000000000e+02 1.358000000000000000e+03 6.810000000000000000e+02
1.435000000000000000e+03 1.410000000000000000e+03 1.377000000000000000e+03 1.360000000000000000e+03
1.448000000000000000e+03 1.303000000000000000e+03 1.389000000000000000e+03 1.258000000000000000e+03
1.455000000000000000e+03 1.445000000000000000e+03 1.398000000000000000e+03 1.392000000000000000e+03
1.455000000000000000e+03 1.445000000000000000e+03 1.398000000000000000e+03 1.392000000000000000e+03
1.458000000000000000e+03 3.040000000000000000e+02 1.388000000000000000e+03 3.550000000000000000e+02
1.467000000000000000e+03 1.441000000000000000e+03 1.411000000000000000e+03 1.388000000000000000e+03
1.483000000000000000e+03 1.251000000000000000e+03 1.424000000000000000e+03 1.211000000000000000e+03
1.486000000000000000e+03 1.618000000000000000e+03 1.432000000000000000e+03 1.557000000000000000e+03
1.493000000000000000e+03 7.850000000000000000e+02 1.335000000000000000e+03 1.226000000000000000e+03
1.504000000000000000e+03 1.082000000000000000e+03 1.444000000000000000e+03 1.051000000000000000e+03
1.504000000000000000e+03 1.082000000000000000e+03 1.444000000000000000e+03 1.051000000000000000e+03
1.505000000000000000e+03 5.840000000000000000e+02 1.438000000000000000e+03 6.080000000000000000e+02
1.505000000000000000e+03 5.840000000000000000e+02 1.438000000000000000e+03 6.080000000000000000e+02
1.508000000000000000e+03 5.470000000000000000e+02 1.441000000000000000e+03 5.740000000000000000e+02
1.536000000000000000e+03 1.172000000000000000e+03 1.478000000000000000e+03 1.134000000000000000e+03
1.536000000000000000e+03 2.577000000000000000e+03 1.501000000000000000e+03 2.495000000000000000e+03
1.536000000000000000e+03 2.577000000000000000e+03 1.501000000000000000e+03 2.495000000000000000e+03
1.537000000000000000e+03 5.990000000000000000e+02 1.471000000000000000e+03 6.220000000000000000e+02
1.538000000000000000e+03 1.047000000000000000e+03 1.479000000000000000e+03 1.018000000000000000e+03
1.581000000000000000e+03 5.560000000000000000e+02 1.514000000000000000e+03 5.810000000000000000e+02
1.595000000000000000e+03 1.588000000000000000e+03 1.545000000000000000e+03 1.526000000000000000e+03
1.616000000000000000e+03 4.430000000000000000e+02 1.548000000000000000e+03 4.790000000000000000e+02
1.623000000000000000e+03 1.233000000000000000e+03 1.568000000000000000e+03 1.190000000000000000e+03
1.625000000000000000e+03 1.497000000000000000e+03 1.575000000000000000e+03 1.438000000000000000e+03
1.638000000000000000e+03 1.670000000000000000e+03 1.591000000000000000e+03 1.604000000000000000e+03
1.656000000000000000e+03 8.920000000000000000e+02 1.596000000000000000e+03 8.750000000000000000e+02
1.656000000000000000e+03 8.920000000000000000e+02 1.596000000000000000e+03 8.750000000000000000e+02
1.656000000000000000e+03 5.640000000000000000e+02 1.589000000000000000e+03 5.880000000000000000e+02
1.656000000000000000e+03 5.640000000000000000e+02 1.589000000000000000e+03 5.880000000000000000e+02
1.691000000000000000e+03 1.411000000000000000e+03 1.642000000000000000e+03 1.357000000000000000e+03
1.691000000000000000e+03 1.411000000000000000e+03 1.642000000000000000e+03 1.357000000000000000e+03
1.695000000000000000e+03 5.570000000000000000e+02 1.629000000000000000e+03 5.810000000000000000e+02
1.695000000000000000e+03 5.570000000000000000e+02 1.629000000000000000e+03 5.810000000000000000e+02
1.695000000000000000e+03 1.531000000000000000e+03 1.648000000000000000e+03 1.471000000000000000e+03
1.699000000000000000e+03 2.335000000000000000e+03 1.668000000000000000e+03 2.260000000000000000e+03
1.707000000000000000e+03 1.295000000000000000e+03 1.656000000000000000e+03 1.249000000000000000e+03
1.728000000000000000e+03 5.750000000000000000e+02 1.661000000000000000e+03 5.980000000000000000e+02
1.729000000000000000e+03 1.368000000000000000e+03 1.679000000000000000e+03 1.316000000000000000e+03
1.731000000000000000e+03 7.910000000000000000e+02 1.670000000000000000e+03 7.830000000000000000e+02
1.738000000000000000e+03 1.005000000000000000e+03 1.681000000000000000e+03 9.800000000000000000e+02
1.738000000000000000e+03 1.005000000000000000e+03 1.681000000000000000e+03 9.800000000000000000e+02
1.739000000000000000e+03 5.120000000000000000e+02 1.672000000000000000e+03 5.400000000000000000e+02
1.739000000000000000e+03 5.120000000000000000e+02 1.672000000000000000e+03 5.400000000000000000e+02
1.773000000000000000e+03 1.327000000000000000e+03 1.723000000000000000e+03 1.279000000000000000e+03
1.774000000000000000e+03 5.340000000000000000e+02 1.707000000000000000e+03 5.600000000000000000e+02
1.798000000000000000e+03 1.996000000000000000e+03 1.765000000000000000e+03 1.919000000000000000e+03
1.802000000000000000e+03 5.830000000000000000e+02 1.736000000000000000e+03 6.050000000000000000e+02
1.817000000000000000e+03 1.692000000000000000e+03 1.777000000000000000e+03 1.625000000000000000e+03
1.817000000000000000e+03 1.692000000000000000e+03 1.777000000000000000e+03 1.625000000000000000e+03
1.819000000000000000e+03 1.364000000000000000e+03 1.771000000000000000e+03 1.314000000000000000e+03
1.819000000000000000e+03 1.364000000000000000e+03 1.771000000000000000e+03 1.314000000000000000e+03
1.821000000000000000e+03 4.970000000000000000e+02 1.754000000000000000e+03 5.250000000000000000e+02
1.850000000000000000e+03 1.935000000000000000e+03 1.817000000000000000e+03 1.859000000000000000e+03
1.852000000000000000e+03 1.259000000000000000e+03 1.802000000000000000e+03 1.216000000000000000e+03
1.856000000000000000e+03 1.883000000000000000e+03 1.822000000000000000e+03 1.808000000000000000e+03
1.890000000000000000e+03 1.879000000000000000e+03 1.857000000000000000e+03 1.805000000000000000e+03
1.890000000000000000e+03 1.879000000000000000e+03 1.857000000000000000e+03 1.805000000000000000e+03
1.903000000000000000e+03 1.877000000000000000e+03 1.871000000000000000e+03 1.803000000000000000e+03
1.910000000000000000e+03 1.169000000000000000e+03 1.859000000000000000e+03 1.136000000000000000e+03
1.912000000000000000e+03 1.557000000000000000e+03 1.872000000000000000e+03 1.497000000000000000e+03
1.914000000000000000e+03 1.979000000000000000e+03 1.885000000000000000e+03 1.902000000000000000e+03
1.914000000000000000e+03 1.979000000000000000e+03 1.885000000000000000e+03 1.902000000000000000e+03
1.921000000000000000e+03 1.516000000000000000e+03 1.879000000000000000e+03 1.459000000000000000e+03
1.937000000000000000e+03 1.405000000000000000e+03 1.893000000000000000e+03 1.355000000000000000e+03
1.937000000000000000e+03 1.405000000000000000e+03 1.893000000000000000e+03 1.355000000000000000e+03
1.940000000000000000e+03 1.640000000000000000e+03 1.902000000000000000e+03 1.576000000000000000e+03
1.951000000000000000e+03 1.974000000000000000e+03 1.923000000000000000e+03 1.898000000000000000e+03
1.956000000000000000e+03 1.406000000000000000e+03 1.912000000000000000e+03 1.357000000000000000e+03
1.959000000000000000e+03 1.870000000000000000e+03 1.929000000000000000e+03 1.797000000000000000e+03
1.977000000000000000e+03 1.642000000000000000e+03 1.940000000000000000e+03 1.579000000000000000e+03
1.977000000000000000e+03 1.775000000000000000e+03 1.945000000000000000e+03 1.704000000000000000e+03
2.000000000000000000e+03 1.819000000000000000e+03 1.970000000000000000e+03 1.749000000000000000e+03
2.002000000000000000e+03 1.447000000000000000e+03 1.960000000000000000e+03 1.397000000000000000e+03
2.002000000000000000e+03 1.447000000000000000e+03 1.960000000000000000e+03 1.397000000000000000e+03
2.008000000000000000e+03 1.485000000000000000e+03 1.967000000000000000e+03 1.432000000000000000e+03
2.008000000000000000e+03 1.485000000000000000e+03 1.967000000000000000e+03 1.432000000000000000e+03
2.019000000000000000e+03 1.452000000000000000e+03 1.978000000000000000e+03 1.401000000000000000e+03
2.020000000000000000e+03 1.729000000000000000e+03 1.988000000000000000e+03 1.663000000000000000e+03
2.029000000000000000e+03 1.058000000000000000e+03 1.978000000000000000e+03 1.022000000000000000e+03
2.031000000000000000e+03 1.828000000000000000e+03 2.002000000000000000e+03 1.757000000000000000e+03
2.033000000000000000e+03 1.066000000000000000e+03 1.982000000000000000e+03 1.030000000000000000e+03
2.041000000000000000e+03 1.727000000000000000e+03 2.009000000000000000e+03 1.663000000000000000e+03
2.045000000000000000e+03 2.030000000000000000e+03 2.023000000000000000e+03 1.952000000000000000e+03
2.049000000000000000e+03 1.530000000000000000e+03 2.011000000000000000e+03 1.475000000000000000e+03
2.061000000000000000e+03 1.128000000000000000e+03 2.012000000000000000e+03 1.086000000000000000e+03
2.063000000000000000e+03 1.772000000000000000e+03 2.033000000000000000e+03 1.706000000000000000e+03
2.082000000000000000e+03 1.732000000000000000e+03 2.051000000000000000e+03 1.668000000000000000e+03
2.082000000000000000e+03 1.732000000000000000e+03 2.051000000000000000e+03 1.668000000000000000e+03
2.094000000000000000e+03 1.651000000000000000e+03 2.061000000000000000e+03 1.592000000000000000e+03
2.099000000000000000e+03 1.145000000000000000e+03 2.051000000000000000e+03 1.101000000000000000e+03
2.099000000000000000e+03 1.145000000000000000e+03 2.051000000000000000e+03 1.101000000000000000e+03
2.104000000000000000e+03 1.732000000000000000e+03 2.073000000000000000e+03 1.670000000000000000e+03
2.127000000000000000e+03 1.269000000000000000e+03 2.083000000000000000e+03 1.219000000000000000e+03
2.130000000000000000e+03 1.827000000000000000e+03 2.104000000000000000e+03 1.761000000000000000e+03
2.138000000000000000e+03 1.916000000000000000e+03 2.115000000000000000e+03 1.846000000000000000e+03
2.150000000000000000e+03 1.250000000000000000e+03 2.106000000000000000e+03 1.200000000000000000e+03
2.150000000000000000e+03 1.250000000000000000e+03 2.106000000000000000e+03 1.200000000000000000e+03
2.154000000000000000e+03 1.349000000000000000e+03 2.113000000000000000e+03 1.296000000000000000e+03
2.154000000000000000e+03 1.349000000000000000e+03 2.113000000000000000e+03 1.296000000000000000e+03
2.167000000000000000e+03 1.924000000000000000e+03 2.145000000000000000e+03 1.855000000000000000e+03
2.170000000000000000e+03 1.337000000000000000e+03 2.129000000000000000e+03 1.283000000000000000e+03
2.170000000000000000e+03 1.337000000000000000e+03 2.129000000000000000e+03 1.283000000000000000e+03
2.194000000000000000e+03 2.022000000000000000e+03 2.177000000000000000e+03 1.950000000000000000e+03
2.194000000000000000e+03 1.371000000000000000e+03 2.155000000000000000e+03 1.313000000000000000e+03
2.196000000000000000e+03 1.475000000000000000e+03 2.160000000000000000e+03 1.416000000000000000e+03
2.196000000000000000e+03 1.475000000000000000e+03 2.160000000000000000e+03 1.416000000000000000e+03
2.204000000000000000e+03 1.366000000000000000e+03 2.165000000000000000e+03 1.309000000000000000e+03
2.213000000000000000e+03 1.517000000000000000e+03 2.179000000000000000e+03 1.456000000000000000e+03
2.214000000000000000e+03 1.361000000000000000e+03 2.175000000000000000e+03 1.303000000000000000e+03
2.218000000000000000e+03 1.969000000000000000e+03 2.199000000000000000e+03 1.900000000000000000e+03
2.222000000000000000e+03 1.127000000000000000e+03 2.176000000000000000e+03 1.076000000000000000e+03
2.222000000000000000e+03 1.127000000000000000e+03 2.176000000000000000e+03 1.076000000000000000e+03
2.225000000000000000e+03 1.475000000000000000e+03 2.190000000000000000e+03 1.413000000000000000e+03
2.227000000000000000e+03 1.469000000000000000e+03 2.192000000000000000e+03 1.406000000000000000e+03
2.233000000000000000e+03 1.452000000000000000e+03 2.197000000000000000e+03 1.391000000000000000e+03
2.289000000000000000e+03 1.287000000000000000e+03 2.249000000000000000e+03 1.226000000000000000e+03
2.403000000000000000e+03 1.436000000000000000e+03 2.371000000000000000e+03 1.368000000000000000e+03
2.406000000000000000e+03 1.252000000000000000e+03 2.366000000000000000e+03 1.191000000000000000e+03
2.453000000000000000e+03 1.432000000000000000e+03 2.421000000000000000e+03 1.362000000000000000e+03
2.480000000000000000e+03 1.046000000000000000e+03 2.432000000000000000e+03 9.960000000000000000e+02
2.488000000000000000e+03 1.377000000000000000e+03 2.454000000000000000e+03 1.309000000000000000e+03
2.498000000000000000e+03 1.205000000000000000e+03 2.457000000000000000e+03 1.148000000000000000e+03
2.518000000000000000e+03 1.163000000000000000e+03 2.475000000000000000e+03 1.108000000000000000e+03
2.525000000000000000e+03 1.081000000000000000e+03 2.479000000000000000e+03 1.030000000000000000e+03
2.531000000000000000e+03 1.084000000000000000e+03 2.485000000000000000e+03 1.033000000000000000e+03
2.555000000000000000e+03 1.410000000000000000e+03 2.524000000000000000e+03 1.341000000000000000e+03
2.555000000000000000e+03 1.410000000000000000e+03 2.524000000000000000e+03 1.341000000000000000e+03
2.561000000000000000e+03 7.610000000000000000e+02 2.501000000000000000e+03 7.320000000000000000e+02
2.592000000000000000e+03 4.620000000000000000e+02 2.519000000000000000e+03 4.570000000000000000e+02
2.594000000000000000e+03 1.240000000000000000e+03 2.555000000000000000e+03 1.182000000000000000e+03
2.594000000000000000e+03 1.240000000000000000e+03 2.555000000000000000e+03 1.182000000000000000e+03
2.600000000000000000e+03 1.199000000000000000e+03 2.559000000000000000e+03 1.143000000000000000e+03
2.601000000000000000e+03 1.079000000000000000e+03 2.555000000000000000e+03 1.029000000000000000e+03
2.610000000000000000e+03 1.198000000000000000e+03 2.569000000000000000e+03 1.141000000000000000e+03
2.610000000000000000e+03 1.198000000000000000e+03 2.569000000000000000e+03 1.141000000000000000e+03
2.614000000000000000e+03 1.075000000000000000e+03 2.567000000000000000e+03 1.025000000000000000e+03
2.617000000000000000e+03 1.179000000000000000e+03 2.576000000000000000e+03 1.123000000000000000e+03
2.621000000000000000e+03 1.168000000000000000e+03 2.579000000000000000e+03 1.114000000000000000e+03
2.623000000000000000e+03 1.369000000000000000e+03 2.590000000000000000e+03 1.303000000000000000e+03
2.624000000000000000e+03 1.159000000000000000e+03 2.582000000000000000e+03 1.105000000000000000e+03
2.635000000000000000e+03 5.110000000000000000e+02 2.564000000000000000e+03 5.030000000000000000e+02
2.635000000000000000e+03 1.153000000000000000e+03 2.592000000000000000e+03 1.099000000000000000e+03
2.639000000000000000e+03 1.368000000000000000e+03 2.606000000000000000e+03 1.300000000000000000e+03
2.639000000000000000e+03 1.368000000000000000e+03 2.606000000000000000e+03 1.300000000000000000e+03
2.640000000000000000e+03 1.401000000000000000e+03 2.609000000000000000e+03 1.332000000000000000e+03
2.644000000000000000e+03 9.410000000000000000e+02 2.591000000000000000e+03 9.010000000000000000e+02
2.644000000000000000e+03 5.400000000000000000e+02 2.573000000000000000e+03 5.290000000000000000e+02
2.649000000000000000e+03 4.910000000000000000e+02 2.576000000000000000e+03 4.850000000000000000e+02
2.651000000000000000e+03 1.368000000000000000e+03 2.619000000000000000e+03 1.299000000000000000e+03
2.655000000000000000e+03 1.248000000000000000e+03 2.617000000000000000e+03 1.190000000000000000e+03
2.657000000000000000e+03 1.639000000000000000e+03 2.638000000000000000e+03 1.560000000000000000e+03
2.663000000000000000e+03 1.651000000000000000e+03 2.644000000000000000e+03 1.572000000000000000e+03
2.664000000000000000e+03 1.645000000000000000e+03 2.645000000000000000e+03 1.565000000000000000e+03
2.664000000000000000e+03 1.645000000000000000e+03 2.645000000000000000e+03 1.565000000000000000e+03
2.665000000000000000e+03 1.637000000000000000e+03 2.645000000000000000e+03 1.557000000000000000e+03
2.671000000000000000e+03 1.649000000000000000e+03 2.652000000000000000e+03 1.569000000000000000e+03
2.671000000000000000e+03 1.649000000000000000e+03 2.652000000000000000e+03 1.569000000000000000e+03
2.672000000000000000e+03 1.364000000000000000e+03 2.639000000000000000e+03 1.292000000000000000e+03
2.674000000000000000e+03 1.152000000000000000e+03 2.631000000000000000e+03 1.098000000000000000e+03
2.677000000000000000e+03 1.276000000000000000e+03 2.640000000000000000e+03 1.216000000000000000e+03
2.677000000000000000e+03 1.644000000000000000e+03 2.658000000000000000e+03 1.563000000000000000e+03
2.677000000000000000e+03 1.644000000000000000e+03 2.658000000000000000e+03 1.563000000000000000e+03
2.683000000000000000e+03 1.310000000000000000e+03 2.648000000000000000e+03 1.246000000000000000e+03
2.684000000000000000e+03 1.648000000000000000e+03 2.666000000000000000e+03 1.568000000000000000e+03
2.689000000000000000e+03 5.110000000000000000e+02 2.616000000000000000e+03 5.050000000000000000e+02
2.723000000000000000e+03 1.632000000000000000e+03 2.704000000000000000e+03 1.554000000000000000e+03
2.723000000000000000e+03 1.632000000000000000e+03 2.704000000000000000e+03 1.554000000000000000e+03
2.723000000000000000e+03 1.639000000000000000e+03 2.704000000000000000e+03 1.562000000000000000e+03
2.725000000000000000e+03 4.220000000000000000e+02 2.648000000000000000e+03 4.220000000000000000e+02
2.725000000000000000e+03 1.619000000000000000e+03 2.706000000000000000e+03 1.543000000000000000e+03
2.725000000000000000e+03 1.619000000000000000e+03 2.706000000000000000e+03 1.543000000000000000e+03
2.728000000000000000e+03 4.360000000000000000e+02 2.652000000000000000e+03 4.340000000000000000e+02
2.728000000000000000e+03 4.360000000000000000e+02 2.652000000000000000e+03 4.340000000000000000e+02
2.729000000000000000e+03 1.630000000000000000e+03 2.710000000000000000e+03 1.551000000000000000e+03
2.743000000000000000e+03 4.680000000000000000e+02 2.668000000000000000e+03 4.640000000000000000e+02
2.764000000000000000e+03 1.627000000000000000e+03 2.746000000000000000e+03 1.550000000000000000e+03
2.767000000000000000e+03 1.633000000000000000e+03 2.749000000000000000e+03 1.556000000000000000e+03
2.775000000000000000e+03 1.639000000000000000e+03 2.757000000000000000e+03 1.561000000000000000e+03
2.775000000000000000e+03 1.639000000000000000e+03 2.757000000000000000e+03 1.561000000000000000e+03
2.776000000000000000e+03 1.614000000000000000e+03 2.757000000000000000e+03 1.538000000000000000e+03
2.788000000000000000e+03 2.228000000000000000e+03 2.800000000000000000e+03 2.160000000000000000e+03
2.789000000000000000e+03 1.639000000000000000e+03 2.771000000000000000e+03 1.561000000000000000e+03
2.790000000000000000e+03 1.625000000000000000e+03 2.771000000000000000e+03 1.548000000000000000e+03
2.790000000000000000e+03 1.633000000000000000e+03 2.772000000000000000e+03 1.555000000000000000e+03
2.796000000000000000e+03 1.637000000000000000e+03 2.778000000000000000e+03 1.559000000000000000e+03
2.803000000000000000e+03 1.629000000000000000e+03 2.785000000000000000e+03 1.552000000000000000e+03
2.803000000000000000e+03 1.629000000000000000e+03 2.785000000000000000e+03 1.552000000000000000e+03
2.809000000000000000e+03 1.632000000000000000e+03 2.791000000000000000e+03 1.555000000000000000e+03
2.822000000000000000e+03 5.560000000000000000e+02 2.748000000000000000e+03 5.450000000000000000e+02
2.856000000000000000e+03 1.210000000000000000e+03 2.819000000000000000e+03 1.127000000000000000e+03
2.889000000000000000e+03 7.540000000000000000e+02 2.822000000000000000e+03 7.420000000000000000e+02
2.947000000000000000e+03 1.085000000000000000e+03 2.902000000000000000e+03 1.003000000000000000e+03
3.054000000000000000e+03 1.054000000000000000e+03 3.006000000000000000e+03 9.780000000000000000e+02
