1.070000000000000000e+03 1.036000000000000000e+03 1.042000000000000000e+03 9.850000000000000000e+02
1.080000000000000000e+03 9.010000000000000000e+02 1.052000000000000000e+03 8.610000000000000000e+02
1.160000000000000000e+03 1.202000000000000000e+03 1.138000000000000000e+03 1.126000000000000000e+03
1.160000000000000000e+03 1.202000000000000000e+03 1.138000000000000000e+03 1.126000000000000000e+03
1.165000000000000000e+03 1.480000000000000000e+03 1.148000000000000000e+03 1.374000000000000000e+03
1.218000000000000000e+03 1.357000000000000000e+03 1.200000000000000000e+03 1.263000000000000000e+03
1.294000000000000000e+03 1.055000000000000000e+03 1.273000000000000000e+03 9.930000000000000000e+02
1.304000000000000000e+03 1.489000000000000000e+03 1.292000000000000000e+03 1.380000000000000000e+03
1.333000000000000000e+03 1.444000000000000000e+03 1.322000000000000000e+03 1.339000000000000000e+03
1.341000000000000000e+03 1.481000000000000000e+03 1.331000000000000000e+03 1.373000000000000000e+03
1.341000000000000000e+03 1.481000000000000000e+03 1.331000000000000000e+03 1.373000000000000000e+03
1.366000000000000000e+03 1.476000000000000000e+03 1.356000000000000000e+03 1.368000000000000000e+03
1.411000000000000000e+03 1.388000000000000000e+03 1.401000000000000000e+03 1.287000000000000000e+03
1.420000000000000000e+03 1.388000000000000000e+03 1.410000000000000000e+03 1.288000000000000000e+03
1.430000000000000000e+03 1.425000000000000000e+03 1.422000000000000000e+03 1.321000000000000000e+03
1.430000000000000000e+03 1.425000000000000000e+03 1.422000000000000000e+03 1.321000000000000000e+03
1.432000000000000000e+03 1.464000000000000000e+03 1.424000000000000000e+03 1.356000000000000000e+03
1.436000000000000000e+03 1.279000000000000000e+03 1.424000000000000000e+03 1.189000000000000000e+03
1.436000000000000000e+03 1.279000000000000000e+03 1.424000000000000000e+03 1.189000000000000000e+03
1.494000000000000000e+03 1.197000000000000000e+03 1.481000000000000000e+03 1.115000000000000000e+03
1.495000000000000000e+03 1.142000000000000000e+03 1.481000000000000000e+03 1.066000000000000000e+03
1.514000000000000000e+03 5.810000000000000000e+02 1.482000000000000000e+03 5.930000000000000000e+02
1.514000000000000000e+03 5.810000000000000000e+02 1.482000000000000000e+03 5.930000000000000000e+02
1.545000000000000000e+03 1.526000000000000000e+03 1.543000000000000000e+03 1.411000000000000000e+03
1.636000000000000000e+03 1.472000000000000000e+03 1.635000000000000000e+03 1.363000000000000000e+03
1.638000000000000000e+03 2.423000000000000000e+03 1.661000000000000000e+03 2.281000000000000000e+03
1.677000000000000000e+03 2.336000000000000000e+03 1.702000000000000000e+03 2.189000000000000000e+03
1.710000000000000000e+03 1.507000000000000000e+03 1.712000000000000000e+03 1.394000000000000000e+03
1.732000000000000000e+03 1.425000000000000000e+03 1.732000000000000000e+03 1.321000000000000000e+03
1.736000000000000000e+03 1.873000000000000000e+03 1.753000000000000000e+03 1.730000000000000000e+03
1.736000000000000000e+03 1.873000000000000000e+03 1.753000000000000000e+03 1.730000000000000000e+03
1.764000000000000000e+03 1.981000000000000000e+03 1.786000000000000000e+03 1.831000000000000000e+03
1.769000000000000000e+03 1.972000000000000000e+03 1.790000000000000000e+03 1.823000000000000000e+03
1.786000000000000000e+03 1.348000000000000000e+03 1.783000000000000000e+03 1.253000000000000000e+03
1.799000000000000000e+03 1.424000000000000000e+03 1.800000000000000000e+03 1.322000000000000000e+03
1.808000000000000000e+03 1.912000000000000000e+03 1.828000000000000000e+03 1.767000000000000000e+03
1.808000000000000000e+03 1.912000000000000000e+03 1.828000000000000000e+03 1.767000000000000000e+03
1.818000000000000000e+03 1.357000000000000000e+03 1.816000000000000000e+03 1.262000000000000000e+03
1.821000000000000000e+03 1.620000000000000000e+03 1.830000000000000000e+03 1.499000000000000000e+03
1.823000000000000000e+03 1.419000000000000000e+03 1.823000000000000000e+03 1.318000000000000000e+03
1.923000000000000000e+03 1.898000000000000000e+03 1.947000000000000000e+03 1.756000000000000000e+03
1.923000000000000000e+03 1.898000000000000000e+03 1.947000000000000000e+03 1.756000000000000000e+03
1.929000000000000000e+03 1.797000000000000000e+03 1.948000000000000000e+03 1.663000000000000000e+03
1.961000000000000000e+03 1.708000000000000000e+03 1.955000000000000000e+03 1.669000000000000000e+03
1.967000000000000000e+03 1.946000000000000000e+03 1.994000000000000000e+03 1.802000000000000000e+03
1.970000000000000000e+03 1.749000000000000000e+03 1.988000000000000000e+03 1.620000000000000000e+03
1.978000000000000000e+03 1.401000000000000000e+03 1.979000000000000000e+03 1.310000000000000000e+03
1.978000000000000000e+03 1.401000000000000000e+03 1.979000000000000000e+03 1.310000000000000000e+03
1.988000000000000000e+03 1.663000000000000000e+03 2.002000000000000000e+03 1.544000000000000000e+03
1.989000000000000000e+03 1.893000000000000000e+03 2.014000000000000000e+03 1.753000000000000000e+03
1.989000000000000000e+03 1.893000000000000000e+03 2.014000000000000000e+03 1.753000000000000000e+03
1.997000000000000000e+03 1.620000000000000000e+03 2.009000000000000000e+03 1.505000000000000000e+03
2.006000000000000000e+03 1.750000000000000000e+03 2.025000000000000000e+03 1.624000000000000000e+03
2.006000000000000000e+03 1.750000000000000000e+03 2.025000000000000000e+03 1.624000000000000000e+03
2.011000000000000000e+03 1.475000000000000000e+03 2.015000000000000000e+03 1.377000000000000000e+03
2.011000000000000000e+03 1.475000000000000000e+03 2.015000000000000000e+03 1.377000000000000000e+03
2.033000000000000000e+03 1.706000000000000000e+03 2.050000000000000000e+03 1.585000000000000000e+03
2.035000000000000000e+03 1.627000000000000000e+03 2.048000000000000000e+03 1.515000000000000000e+03
2.083000000000000000e+03 1.800000000000000000e+03 2.105000000000000000e+03 1.673000000000000000e+03
2.083000000000000000e+03 1.800000000000000000e+03 2.105000000000000000e+03 1.673000000000000000e+03
2.101000000000000000e+03 1.943000000000000000e+03 2.132000000000000000e+03 1.805000000000000000e+03
2.104000000000000000e+03 1.761000000000000000e+03 2.125000000000000000e+03 1.640000000000000000e+03
2.115000000000000000e+03 1.846000000000000000e+03 2.140000000000000000e+03 1.717000000000000000e+03
2.117000000000000000e+03 1.850000000000000000e+03 2.143000000000000000e+03 1.721000000000000000e+03
2.127000000000000000e+03 1.289000000000000000e+03 2.129000000000000000e+03 1.196000000000000000e+03
2.145000000000000000e+03 1.855000000000000000e+03 2.171000000000000000e+03 1.727000000000000000e+03
2.154000000000000000e+03 1.416000000000000000e+03 2.161000000000000000e+03 1.316000000000000000e+03
2.160000000000000000e+03 1.416000000000000000e+03 2.167000000000000000e+03 1.315000000000000000e+03
2.165000000000000000e+03 1.309000000000000000e+03 2.168000000000000000e+03 1.211000000000000000e+03
2.180000000000000000e+03 1.467000000000000000e+03 2.190000000000000000e+03 1.362000000000000000e+03
2.195000000000000000e+03 1.900000000000000000e+03 2.225000000000000000e+03 1.775000000000000000e+03
2.195000000000000000e+03 1.900000000000000000e+03 2.225000000000000000e+03 1.775000000000000000e+03
2.197000000000000000e+03 1.391000000000000000e+03 2.205000000000000000e+03 1.286000000000000000e+03
2.199000000000000000e+03 1.900000000000000000e+03 2.229000000000000000e+03 1.774000000000000000e+03
2.199000000000000000e+03 1.900000000000000000e+03 2.229000000000000000e+03 1.774000000000000000e+03
2.205000000000000000e+03 8.160000000000000000e+02 2.190000000000000000e+03 7.530000000000000000e+02
2.243000000000000000e+03 7.840000000000000000e+02 2.229000000000000000e+03 7.130000000000000000e+02
2.280000000000000000e+03 1.399000000000000000e+03 2.290000000000000000e+03 1.287000000000000000e+03
2.280000000000000000e+03 1.399000000000000000e+03 2.290000000000000000e+03 1.287000000000000000e+03
2.297000000000000000e+03 1.395000000000000000e+03 2.307000000000000000e+03 1.284000000000000000e+03
2.309000000000000000e+03 1.385000000000000000e+03 2.320000000000000000e+03 1.273000000000000000e+03
2.309000000000000000e+03 1.385000000000000000e+03 2.320000000000000000e+03 1.273000000000000000e+03
2.397000000000000000e+03 9.590000000000000000e+02 2.386000000000000000e+03 8.830000000000000000e+02
2.524000000000000000e+03 9.900000000000000000e+02 2.513000000000000000e+03 9.140000000000000000e+02
2.587000000000000000e+03 3.960000000000000000e+02 2.545000000000000000e+03 3.790000000000000000e+02
2.590000000000000000e+03 1.303000000000000000e+03 2.598000000000000000e+03 1.198000000000000000e+03
2.590000000000000000e+03 1.303000000000000000e+03 2.598000000000000000e+03 1.198000000000000000e+03
2.609000000000000000e+03 1.299000000000000000e+03 2.617000000000000000e+03 1.192000000000000000e+03
2.609000000000000000e+03 1.299000000000000000e+03 2.617000000000000000e+03 1.192000000000000000e+03
2.619000000000000000e+03 1.299000000000000000e+03 2.628000000000000000e+03 1.192000000000000000e+03
2.645000000000000000e+03 1.557000000000000000e+03 2.669000000000000000e+03 1.432000000000000000e+03
2.652000000000000000e+03 1.569000000000000000e+03 2.677000000000000000e+03 1.443000000000000000e+03
2.664000000000000000e+03 1.549000000000000000e+03 2.689000000000000000e+03 1.424000000000000000e+03
2.666000000000000000e+03 1.568000000000000000e+03 2.691000000000000000e+03 1.442000000000000000e+03
2.668000000000000000e+03 1.304000000000000000e+03 2.678000000000000000e+03 1.189000000000000000e+03
2.705000000000000000e+03 1.548000000000000000e+03 2.728000000000000000e+03 1.425000000000000000e+03
2.719000000000000000e+03 6.200000000000000000e+02 2.684000000000000000e+03 5.880000000000000000e+02
2.726000000000000000e+03 4.980000000000000000e+02 2.684000000000000000e+03 4.800000000000000000e+02
2.746000000000000000e+03 1.550000000000000000e+03 2.770000000000000000e+03 1.427000000000000000e+03
2.757000000000000000e+03 1.561000000000000000e+03 2.782000000000000000e+03 1.439000000000000000e+03
2.771000000000000000e+03 1.548000000000000000e+03 2.796000000000000000e+03 1.427000000000000000e+03
2.889000000000000000e+03 2.063000000000000000e+03 2.951000000000000000e+03 1.925000000000000000e+03
3.134000000000000000e+03 1.675000000000000000e+03 3.176000000000000000e+03 1.519000000000000000e+03
3.144000000000000000e+03 1.686000000000000000e+03 3.186000000000000000e+03 1.528000000000000000e+03
3.150000000000000000e+03 1.642000000000000000e+03 3.190000000000000000e+03 1.482000000000000000e+03
